 1  23.977 
 2  18.867 
 3  20.970 
 4  27.971 
 5  22.110 
 6  23.619 
 7  23.662 
 8  15.412 
 9  23.087 
 10  26.165 
 11  17.453 
 12  9.816 
 13  23.256 
 14  15.730 
 15  15.126 
 16  8.631 
 17  19.472 
 18  23.358 
 19  14.270 
 20  9.330 
 21  17.808 
 22  12.056 
 23  10.277 
 24  6.841 
 25  15.484 
 26  10.723 
 27  16.813 
 28  27.037 
 29  17.936 
 30  16.803 
 31  23.786 
 32  19.924 
 33  18.740 
 34  9.926 
 35  14.325 
 36  10.442 
 37  25.889 
 38  14.772 
 39  16.274 
 40  17.345
 41  5.754 
 42  16.989 
 43  21.573 
 44  14.066 
 45  17.920 
 46  22.035 
 47  12.378 
 48  15.923 
 49  18.715 
 50  23.606 
 51  17.434 
 52  21.201 
 53  15.575 
 54  20.809 
 55  17.832 
 56  22.041 
