 1  23.196 
 2  16.620 
 3  18.407 
 4  24.908 
 5  18.919 
 6  20.822 
 7  20.124 
 8  15.308 
 9  21.888 
 10  27.063 
 11  21.081 
 12  10.411 
 13  24.996 
 14  17.429 
 15  19.937 
 16  10.183 
 17  22.276 
 18  24.564 
 19  16.718 
 20  21.264 
 21  18.311 
 22  11.362 
 23  10.370 
 24  6.275 
 25  14.045 
 26  9.336 
 27  18.554 
 28  24.210 
 29  19.035 
 30  19.187 
 31  23.379 
 32  20.232 
 33  20.621 
 34  9.272 
 35  15.476 
 36  10.348 
 37  24.472 
 38  14.826 
 39  18.430 
 40  16.966 
 41  6.948 
 42  18.135 
 43  20.228 
 44  14.863 
 45  19.888 
 46  24.163 
 47  13.430 
 48  16.229 
 49  20.379 
 50  26.986 
 51  15.680 
 52  16.662 
 53  14.937 
 54  16.003 
 55  15.504 
 56  18.039 
