 1  23.318 
 2  18.220 
 3  19.001 
 4  21.929 
 5  18.257 
 6  20.210 
 7  20.653 
 8  13.958 
 9  23.265 
 10  28.186 
 11  20.704 
 12  10.242 
 13  27.109 
 14  15.940 
 15  15.553 
 16  9.722 
 17  21.519 
 18  27.471 
 19  20.124 
 20  9.859 
 21  18.583 
 22  14.532 
 23  10.238 
 24  6.865 
 25  16.315 
 26  9.446 
 27  15.759 
 28  25.582 
 29  20.073 
 30  15.931 
 31  28.353 
 32  20.687 
 33  21.078 
 34  9.026 
 35  15.601 
 36  10.485 
 37  26.769 
 38  14.570 
 39  18.293 
 40  18.644 
 41  6.720 
 42  17.996 
 43  20.499 
 44  15.515 
 45  18.154 
 46  24.439 
 47  12.089 
 48  17.053 
 49  20.329 
 50  26.756 
 51  16.266 
 52  16.484 
 53  16.210 
 54  15.777 
 55  15.071 
 56  17.175 
