 1  24.060 
 2  18.676 
 3  23.856 
 4  26.306 
 5  21.318 
 6  23.208 
 7  23.873 
 8  15.607 
 9  21.534 
 10  26.569 
 11  17.398 
 12  9.870 
 13  22.143 
 14  17.945 
 15  14.805 
 16  9.410 
 17  21.976 
 18  25.262 
 19  14.260 
 20  20.048 
 21  17.939 
 22  14.075 
 23  10.629 
 24  6.518 
 25  14.322 
 26  10.274 
 27  14.554 
 28  25.288 
 29  20.395 
 30  19.492 
 31  23.191 
 32  20.197 
 33  17.905 
 34  9.869 
 35  14.426 
 36  10.183 
 37  25.589 
 38  14.627 
 39  16.966 
 40  18.470 
 41  6.011 
 42  15.835 
 43  21.938 
 44  17.394 
 45  18.865 
 46  23.609 
 47  11.019 
 48  16.512 
 49  19.420 
 50  23.930 
 51  15.713 
 52  19.675 
 53  16.189 
 54  20.375 
 55  18.661 
 56  23.892 
