 1      6.682614       
 2      5.694148       
 3      7.860617       
 4      8.759728       
 5      7.588088       
 6      7.609900       
 7      7.605195       
 8      5.507892       
 9      7.626341       
 10      8.782937       
 11      6.767326       
 12      3.923970       
 13      8.821377       
 14      5.797551       
 15      5.840319       
 16      3.889014       
 17      7.638512       
 18      8.781197       
 19      5.929710       
 20      3.914030       
 21      6.456615       
 22      4.667407       
 23      3.902800       
 24      2.677532       
 25      5.699392       
 26      3.891154       
 27      5.909529       
 28      8.856475       
 29      7.879224       
 30      7.277600       
 31      8.835690       
 32      7.641577       
 33      7.599971       
 34      3.866953       
 35      5.594024       
 36      3.924407       
 37      8.753847       
 38      5.584885       
 39      6.392842       
 40      5.897593       
 41      2.708566       
 42      6.412235       
 43      8.727534       
 44      5.637603       
 45      7.835646       
 46      8.723775       
 47      4.651189       
 48      5.918034       
 49      7.574037       
 50      8.816641       
 51      5.645364       
 52      7.318926       
 53      5.677172       
 54      6.331277       
 55      5.631163       
 56      6.481040       
