 1      6.621044       
 2      5.681168       
 3      7.782679       
 4      8.802573       
 5      7.613620       
 6      7.605742       
 7      7.596688       
 8      5.553141       
 9      7.602420       
 10      8.848829       
 11      6.786546       
 12      3.903429       
 13      8.801704       
 14      5.853410       
 15      5.923729       
 16      3.903368       
 17      7.640415       
 18      8.786353       
 19      5.874022       
 20      7.550137       
 21      6.443123       
 22      4.562928       
 23      3.915006       
 24      2.680712       
 25      5.611764       
 26      3.912000       
 27      5.913254       
 28      8.807151       
 29      7.903522       
 30      7.565304       
 31      8.817584       
 32      7.659393       
 33      7.607944       
 34      3.870827       
 35      5.578344       
 36      3.933175       
 37      8.816762       
 38      5.574754       
 39      6.427492       
 40      5.863142       
 41      2.713086       
 42      6.458220       
 43      8.686033       
 44      5.593451       
 45      7.631883       
 46      8.769619       
 47      4.708988       
 48      5.846922       
 49      7.609861       
 50      8.816430       
 51      5.647321       
 52      7.335466       
 53      5.581752       
 54      6.351816       
 55      5.622421       
 56      6.480875       
