 1      6.719226       
 2      5.732022       
 3      7.971676       
 4      8.835935       
 5      7.642820       
 6      7.623250       
 7      7.690117       
 8      5.517956       
 9      7.670035       
 10      8.817281       
 11      6.716731       
 12      3.891820       
 13      8.724037       
 14      5.904394       
 15      5.835111       
 16      3.882053       
 17      7.596187       
 18      8.785682       
 19      5.819718       
 20      7.595088       
 21      6.412611       
 22      4.643283       
 23      3.930025       
 24      2.676310       
 25      5.604392       
 26      3.927044       
 27      5.793988       
 28      8.799209       
 29      7.903586       
 30      7.550115       
 31      8.782814       
 32      7.645649       
 33      7.536307       
 34      3.908130       
 35      5.531556       
 36      3.898554       
 37      8.817324       
 38      5.611939       
 39      6.360415       
 40      5.940255       
 41      2.672591       
 42      6.370941       
 43      8.689705       
 44      5.682702       
 45      7.620980       
 46      8.731183       
 47      4.581218       
 48      5.889415       
 49      7.512665       
 50      8.704657       
 51      5.705557       
 52      7.382597       
 53      5.607491       
 54      6.433801       
 55      5.702020       
 56      6.568792       
