 1      6.705550       
 2      5.738933       
 3      7.969312       
 4      8.812160       
 5      7.618562       
 6      7.665586       
 7      7.680630       
 8      5.513583       
 9      7.681320       
 10      8.808577       
 11      6.727980       
 12      3.889604       
 13      8.758478       
 14      5.884741       
 15      5.835056       
 16      3.836646       
 17      7.565156       
 18      8.771656       
 19      5.829249       
 20      3.900033       
 21      6.412819       
 22      4.667407       
 23      3.938670       
 24      2.692535       
 25      5.691487       
 26      3.962979       
 27      5.887723       
 28      8.860010       
 29      7.803841       
 30      7.356848       
 31      8.749622       
 32      7.654142       
 33      7.566755       
 34      3.920509       
 35      5.499728       
 36      3.919992       
 37      8.805124       
 38      5.624076       
 39      6.372403       
 40      5.904708       
 41      2.651262       
 42      6.391721       
 43      8.709006       
 44      5.616646       
 45      7.941734       
 46      8.718456       
 47      4.645172       
 48      5.908231       
 49      7.544945       
 50      8.797787       
 51      5.706776       
 52      7.389519       
 53      5.564301       
 54      6.443642       
 55      5.724974       
 56      6.565375       
