           1  -1.6678527922027655     
           2   2.5049990041778978     
           3  -1.2580333737122515     
           4  -3.6154031899515147     
           5  -2.3288243904603370     
           6  -5.6857291896410942     
           7  -6.5231221802853314     
           8  -5.1557021948121360     
           9  -2.4227133982868025     
          10  -1.5836663985050912     
          11   6.8695603898271074     
          12   2.9054107937808951     
          13   2.7234621909891956     
          14  -1.4428003970864651     
          15   1.4336582006287770     
          16  3.02591983184461455E-002
          17   2.5735207916659775     
          18  0.50458580877705295     
          19   2.0662585891986964     
          20   2.5784585981196910     
          21   1.2686103967222309     
          22 -0.65807839676924829     
          23  -1.7699123967698638     
          24  -1.2699461959642151     
          25   2.4195033981173477     
          26  -6.1540521932624177     
          27  -3.8129011959339252     
          28 -0.93902060100514539     
          29 -0.75310980888960000     
          30  -2.1961015895412856     
          31  -1.6018535996749499     
          32   1.3239861940298443     
          33  -1.4354800052959504     
          34  0.59050720250684829     
          35   1.0212992010134627     
          36   1.2973965918924186     
          37 -0.68988418865229129     
          38  -2.3230949986617961     
          39  -1.5440658149703133     
          40   1.4874337953182177     
          41  0.72384559871953824     
          42   3.8049331878996844     
          43  0.55118240928191753     
          44 -0.61599340292106763     
          45  -3.0248904025456911     
          46   2.6022357929757369     
          47   2.1082241963204140     
          48 -0.13913141238626281     
          49   6.3820103859843833     
          50  5.46460001409982965E-002
          51  -2.1095047864108221     
          52 -0.31877619080677633     
          53   2.2841974002520535     
          54  -5.4516841888118108     
          55  0.93705461247334210     
          56   4.3634218146567889     
