1 0.140792
2 -2.41722
3 2.01399
4 1.11535
5 0.800928
6 0.365085
7 2.04331
8 -0.211402
9 2.59979
10 -0.805585
11 -3.26812
12 -3.37141
13 -0.309093
14 -2.25757
15 1.50477
16 2.28236
17 -2.04463
18 -0.277791
19 -2.39822
20 2.02537
21 -0.455555
22 -1.13004
23 4.16739
24 3.94624
25 -5.65834
26 0.5162
27 1.86865
28 -1.47755
29 0.206567
30 4.82551
31 0.182912
32 0.585985
33 -0.772547
34 0.345009
35 -1.50898
36 -1.90104
37 0.599375
38 1.02748
39 5.74807
40 -3.24968
41 -2.5957
42 -0.568016
43 0.722505
44 2.26606
45 5.95051
46 0.0107514
47 3.6756
48 2.58116
49 1.94389
50 -2.87419
51 0.176495
52 -2.25631
53 -2.09392
54 1.67203
55 -2.65638
56 3.12904
