           1 -0.14079154    
           2   2.4172153    
           3  -2.0139923    
           4  -1.1153467    
           5 -0.80092824    
           6 -0.36508512    
           7  -2.0433102    
           8  0.21140146    
           9  -2.5997944    
          10  0.80558479    
          11   3.2681172    
          12   3.3714123    
          13  0.30909276    
          14   2.2575698    
          15  -1.5047702    
          16  -2.2823567    
          17   2.0446281    
          18  0.27779078    
          19   2.3982172    
          20  -2.0253665    
          21  0.45555514    
          22   1.1300366    
          23  -4.1673903    
          24  -3.9462395    
          25   5.6583376    
          26 -0.51620007    
          27  -1.8686504    
          28   1.4775534    
          29 -0.20656741    
          30  -4.8255091    
          31 -0.18291247    
          32 -0.58598506    
          33  0.77254689    
          34 -0.34500897    
          35   1.5089841    
          36   1.9010403    
          37 -0.59937501    
          38  -1.0274781    
          39  -5.7480726    
          40   3.2496829    
          41   2.5957010    
          42  0.56801558    
          43 -0.72250485    
          44  -2.2660592    
          45  -5.9505129    
          46 -1.07514858E-02
          47  -3.6755970    
          48  -2.5811574    
          49  -1.9438868    
          50   2.8741889    
          51 -0.17649508    
          52   2.2563076    
          53   2.0939236    
          54  -1.6720319    
          55   2.6563759    
          56  -3.1290355    
