           1  -1.5270611916193531     
           2  8.77836074785296461E-002
           3  0.75595902691824612     
           4  -2.5000563955905779     
           5  -1.5278959904543932     
           6  -5.3206439927486713     
           7  -4.4798121800157107     
           8  -5.3671037975042850     
           9  0.17708100081256006     
          10  -2.3892512016868679     
          11   3.6014429905242764     
          12 -0.46600140404344970     
          13   2.4143693867610843     
          14  -3.7003703972621054     
          15   2.9384283946438075     
          16   2.3126157984832005     
          17  0.52889279653585675     
          18  0.22679500753889670     
          19 -0.33195841306772422     
          20   4.6038249989388325     
          21  0.81305519528397063     
          22  -1.7881149961906786     
          23   2.3974777995276675     
          24   2.6762932032656370     
          25  -3.2388344046859805     
          26  -5.6378519954684005     
          27  -1.9442507987887083     
          28  -2.4165740015886747     
          29 -0.54654240146904520     
          30   2.6294074028820980     
          31  -1.4189411978577535     
          32   1.9099711974366240     
          33  -2.2080270044376284     
          34  0.93551620759566179     
          35 -0.48768479896121164     
          36 -0.60364380760519332     
          37 -9.05091893850666906E-002
          38  -1.2956169981373833     
          39   4.2040065862075027     
          40  -1.7622490055804434     
          41  -1.8718553998909266     
          42   3.2369173859720117     
          43   1.2736872106783750     
          44   1.6500657982939613     
          45   2.9256221939754363     
          46   2.6129871921746659     
          47   5.7838211968899600     
          48   2.4420261897703384     
          49   8.3258975863144542     
          50  -2.8195430032583442     
          51  -1.9330095897144410     
          52  -2.5750837912745119     
          53  0.19027380544512340     
          54  -3.7796521841163164     
          55  -1.7193213878772893     
          56   7.4924574171541138     
