         1   -35.580    -2.803     4.565   -81.434   179.156
         2    21.770    -3.294   -12.825   -14.561   137.157
         3    89.321    -4.288   -65.007   -18.266   224.276
         4   121.740    -5.857   -44.144   -83.666   160.718
         5    70.445    -6.700   -82.690    -0.783    77.132
         6    89.419    -5.513   -57.503    -6.229   118.573
         7    60.019    -3.641   -59.278    -6.131   159.401
         8    39.550    -5.718   -93.897    -8.883    86.919
         9    80.671    -8.460   -73.750    -6.135    61.535
        10   124.978    -6.788   -90.363   -46.370   166.543
        11    29.159    -7.707   -75.668    -8.852    95.227
        12    98.292    -7.204   -78.501    -5.068    15.847
        13   124.840   -10.160   -91.813   -43.359    88.036
        14    98.604    -8.284  -111.334   -39.476    92.447
        15    93.788    -7.511   -85.104   -57.660    99.249
        16    91.685    -7.603   -79.992    -1.865     0.000
        17   105.862    -8.678   -74.835    -2.787    48.402
        18   119.787    -6.308  -138.514    -0.089   152.233
        19    92.328    -7.886  -106.708   -42.026    43.677
        20    95.309    -6.227   -84.326    -3.500     5.603
        21    55.816    -5.378   -53.571    -5.529   117.155
        22    85.236    -4.867   -77.353   -58.597   100.909
        23    88.619    -5.181   -76.805    -4.223    36.289
        24    87.703    -2.154   -87.977    -4.002    67.888
        25    40.596    -5.210   -42.216    -5.630    51.446
        26    78.628    -4.053   -64.165    -6.640    55.195
        27   112.527    -4.297  -123.396   -30.459   112.920
        28   124.475    -6.393   -95.108   -36.108   159.242
        29    93.250   -14.931   -87.263    -3.760     6.863
        30   113.566   -11.450   -80.315    -3.255    84.563
        31   125.107    -6.909  -105.191   -29.224   115.257
        32    68.930    -9.547   -83.072     3.162    56.731
        33    84.520   -12.002   -62.776     0.141     0.495
        34    75.700    -5.684   -72.472     1.830    20.800
        35    19.486    -4.540   -82.626    -5.876   114.386
        36   101.316    -4.960   -82.198    -4.970    22.320
        37   129.591    -4.325   -66.971   -74.971   197.508
        38    53.953    -8.498   -56.415    -6.001    22.512
        39    47.368    -8.232   -45.168    -3.760    24.900
        40    91.299    -6.836   -82.736   -59.849    77.179
        41    86.468    -5.178   -79.620    -6.903    19.565
        42    55.332   -10.983   -52.622    -3.426     1.754
        43   127.266   -10.709   -81.374   -13.659   168.707
        44    55.107    -7.141   -55.716    -5.269    52.800
        45    95.606   -13.898   -72.505   -10.480    60.276
        46   117.846    -9.741  -158.596    24.770    44.979
        47    98.382    -6.531   -91.285   -58.560    72.160
        48   103.340   -10.224   -59.419   -86.147    43.371
        49   101.326   -11.236   -72.661    -1.115     0.265
        50   131.810    -7.590  -157.133    11.368   113.267
        51    42.786    -4.424   -43.513   -11.261   129.770
        52   108.020    -9.979   -71.097    -9.956    85.133
        53    47.233    -4.845   -51.416    -4.371    32.383
        54    59.581    -4.072   -50.248    -6.926    90.594
        55    43.946    -3.641   -33.163   -14.549   156.406
        56   121.855    -2.943   -57.983  -161.465   169.855
