         1   -37.561    -5.141   -23.927   -57.430   112.545
         2    23.208    -5.986   -19.481    -7.979    77.010
         3    99.070   -12.042   -85.550    -0.359     2.875
         4   121.204    -8.732   -76.362   -55.268   101.296
         5    74.828   -11.830   -83.275    -1.761     0.083
         6    88.776    -7.913   -67.631     0.193    44.922
         7    62.214   -11.140   -71.859     1.362     0.880
         8    34.457    -7.565   -85.513   -15.938    68.646
         9    86.680   -10.325   -82.560    -1.496    40.258
        10   116.594    -4.804  -106.910   -28.074   180.115
        11    26.669    -2.984   -58.111   -18.738   173.233
        12    98.856    -4.808   -82.763    -2.614    41.366
        13   122.639    -6.117   -93.085   -45.703   162.484
        14    94.735    -6.639   -98.157   -52.861    69.869
        15    93.655    -6.050   -97.847   -39.165   113.043
        16    92.314    -4.415   -80.383    -2.634    12.264
        17   110.571    -4.327   -76.916    -4.617   118.249
        18   115.999    -8.485   -69.417   -64.838    88.059
        19    94.686    -5.338  -111.514   -32.561   135.922
        20    82.443    -7.601   -85.579    -1.184    43.222
        21    47.352    -3.564   -48.297    -6.276   153.802
        22   108.708    -4.528  -146.792   -14.082    64.499
        23    85.309    -5.239   -76.024    -1.835    44.773
        24    91.771    -3.974   -94.386     1.446    45.597
        25    47.480    -3.761   -59.742     1.329    66.998
        26    79.806    -7.902   -76.840     1.579     0.000
        27   113.487    -8.466  -114.885   -39.514    63.252
        28   118.102    -7.156   -69.007   -65.963   164.124
        29    94.796   -13.181   -87.764    -5.632    51.290
        30   103.463   -12.323   -69.569    -1.096     0.067
        31   118.066    -8.912   -87.300   -45.474   117.737
        32    73.790    -6.489   -80.505    -4.513   114.535
        33    87.861    -9.631   -64.063    -2.425    36.544
        34    80.749    -7.416   -71.147    -3.103     0.454
        35    20.349    -6.593   -65.802   -21.765   112.843
        36    97.179    -3.772   -80.647    -4.897    78.212
        37   135.909    -7.730  -113.725   -31.807   102.855
        38    56.843    -7.721   -66.739    -0.788    12.128
        39    46.122    -3.409   -46.689    -2.535   142.705
        40    95.000    -4.930   -50.091   -95.914   125.762
        41    84.770    -3.628   -84.468    -0.911    28.108
        42    54.344    -4.431   -55.305    -1.665   113.621
        43   131.736   -13.474   -89.865    -6.606    91.865
        44    39.802    -5.375   -42.487    -4.524    77.606
        45    76.200    -8.468   -70.774    -4.707    81.183
        46   122.688    -8.116   -98.613   -40.418   111.167
        47   117.407    -6.151  -104.142   -59.850    97.544
        48   103.864    -5.099  -100.671   -49.855   149.653
        49   107.442    -6.629   -75.135    -0.881   110.653
        50   131.528    -6.808  -104.748   -40.770   113.823
        51    43.541    -8.837   -47.752    -5.777    15.330
        52   105.373   -13.037   -79.493    -0.205    20.800
        53    68.209    -7.870   -67.733    -1.593    24.234
        54    54.682    -9.546   -58.058     1.716     1.129
        55    46.288    -6.270   -42.276    -8.728    55.662
        56   122.432    -9.229   -59.852  -154.543    66.251
