         1   -36.069    -2.799    10.064   -93.450   180.306
         2    21.684    -3.308   -13.323   -13.809   137.477
         3    90.569    -4.360   -63.882   -18.271   220.520
         4   123.347    -6.678   -44.047   -88.172   136.948
         5    65.207    -6.482   -76.516    -0.905    77.263
         6    91.129    -5.317   -58.688    -6.432   103.552
         7    52.504    -3.817   -55.123    -6.015   162.461
         8    39.381    -6.142   -93.710    -8.532    88.825
         9    79.156    -9.139   -73.282    -5.082    46.828
        10   124.780    -6.700   -87.500   -51.749   166.476
        11    31.244    -7.749   -74.026    -9.296    96.618
        12    98.353    -7.998   -76.941    -4.571     8.673
        13   122.919   -11.180   -85.778   -52.646    55.442
        14    98.001    -7.444  -113.362   -36.111    92.006
        15    94.191    -6.386  -111.497   -33.385    69.736
        16    91.207    -7.751   -79.528    -2.022     0.000
        17   107.214    -6.864   -74.722    -1.500    90.240
        18   120.214    -6.274  -140.803     0.155   149.014
        19   101.910   -10.477   -92.299   -55.172    30.264
        20    80.393   -10.113   -83.417    -4.587    34.642
        21    52.774    -5.732   -52.780    -5.927   115.671
        22    85.950    -4.746   -71.555   -62.144    95.299
        23    88.382    -5.406   -78.281    -4.610    40.954
        24    88.601    -2.209   -90.112    -4.042    72.001
        25    54.401    -6.889   -52.309    -6.101    29.110
        26    79.671    -4.847   -68.815    -3.069    36.640
        27   110.906    -5.606  -137.683   -19.002    73.046
        28   119.632    -6.803   -93.584   -39.674   151.279
        29    95.544   -13.839   -88.677    -2.817    39.412
        30   100.800    -9.582   -74.484     1.264    23.370
        31   121.219    -7.151   -99.826   -36.721   135.058
        32    67.189    -9.038   -80.636     2.986    93.809
        33    87.043   -11.282   -67.587     3.390     0.664
        34    77.329    -4.620   -75.684     1.240    61.868
        35    21.886    -4.765   -82.709    -8.799   121.242
        36   101.997    -5.575   -87.904     0.261    16.721
        37   131.381    -4.645   -60.669   -82.831   188.681
        38    53.108    -8.352   -56.968    -5.242    27.188
        39    44.861    -7.500   -45.466    -3.204    31.187
        40    91.790    -8.378   -86.156   -49.677    80.642
        41    87.327    -4.872   -77.969    -7.754    28.990
        42    55.925   -11.006   -52.452    -4.157     0.199
        43   126.630   -10.233   -81.427   -13.368   178.204
        44    51.604    -7.751   -50.246    -5.300    63.812
        45    68.988   -11.396   -65.866    -3.062    32.472
        46   124.075    -9.828  -139.589    -1.790    47.896
        47    99.708    -5.912   -91.315   -63.103    72.398
        48   104.541    -9.194   -73.523   -75.191    66.942
        49   101.829   -12.008   -71.401    -2.014     0.000
        50   135.835    -6.829  -180.453    30.714    87.478
        51    41.136    -5.887   -44.103    -8.662    98.493
        52   106.031    -7.412   -71.010    -9.938    91.349
        53    57.435    -3.969   -54.606    -7.128    68.260
        54    58.371    -2.404   -51.278    -8.750   129.555
        55    38.041    -3.018   -27.623   -14.295   153.679
        56   122.133    -1.873   -36.694  -187.484   204.949
