         1   -38.606    -5.099   -21.951   -51.446   116.112
         2    34.282    -5.444   -28.645    -6.957   103.377
         3    98.650   -14.137   -81.442    -2.899    11.729
         4   120.793    -9.127  -106.925   -25.688    79.472
         5    73.748   -13.006   -85.861    -0.205     0.000
         6    90.827   -10.501   -67.471    -1.117    34.817
         7    61.087   -11.915   -66.993     0.481     0.000
         8    35.710    -7.204  -103.535    -0.221    44.973
         9    84.100    -8.916   -85.362     0.414    47.683
        10   118.654    -5.315  -112.983   -18.349   154.456
        11    28.511    -2.430   -66.032   -13.628   177.479
        12    97.232    -3.970   -78.963    -3.845    66.131
        13   127.978    -5.964  -105.826   -30.691   160.892
        14    98.310    -6.268  -112.067   -41.441    68.890
        15    92.684    -5.601  -108.328   -33.350    94.165
        16    91.050    -5.561   -79.936    -2.357    13.596
        17   109.614    -6.506   -76.332    -3.152   115.786
        18   121.200   -10.037   -78.070   -53.098    81.267
        19    91.534    -4.965  -111.209   -32.461   131.010
        20    98.260    -5.656   -88.171    -0.193    20.806
        21    52.303    -3.584   -48.386    -7.186   143.657
        22   112.722    -7.291  -127.590   -31.416    74.787
        23    86.383    -5.848   -82.266     2.556    10.172
        24    88.064    -4.268   -93.243     2.021    35.257
        25    49.489    -7.281   -46.085    -5.450    66.668
        26    81.611    -7.997   -78.235     1.424     0.719
        27   113.422    -8.435  -103.331   -51.933    80.044
        28   120.505    -6.684   -76.924   -52.480   167.369
        29    91.436   -12.492   -85.924    -4.933    78.739
        30   114.776   -16.468   -80.759    -1.383     0.000
        31   122.798    -9.351   -74.734   -52.032   112.629
        32    67.095    -7.280   -73.653    -4.937   105.002
        33    88.626   -10.363   -65.029    -2.790    43.315
        34    80.668    -7.415   -70.212    -3.777     0.531
        35    21.499    -6.665   -65.609   -20.519   106.192
        36    98.091    -3.811   -80.127    -4.101    87.873
        37   135.378    -7.504  -118.918   -24.730   105.757
        38    55.995    -7.600   -66.084    -1.680    11.692
        39    43.470    -3.192   -47.219    -3.268   145.941
        40    97.986    -5.429   -55.508   -92.650   115.033
        41    82.560    -3.646   -80.641    -1.948    29.918
        42    55.654    -5.241   -56.596    -1.429    99.590
        43   130.649   -12.996   -88.231    -7.899    93.659
        44    40.901    -5.069   -41.642    -6.567    76.418
        45    93.168   -11.075   -83.904    -2.299    80.859
        46   120.690    -6.577  -114.641   -20.601   101.773
        47   114.862    -4.898  -113.428   -52.931   101.911
        48   102.808    -3.994  -111.699   -39.305   143.519
        49   105.922    -6.636   -73.513    -2.308   113.587
        50   130.404    -8.223  -100.257   -40.275   112.127
        51    43.987    -8.913   -48.635    -5.276    19.896
        52   107.350   -14.236   -80.966     0.410    10.802
        53    61.664    -8.002   -59.441    -4.799    30.345
        54    55.962   -10.034   -59.440     2.127     0.133
        55    47.429    -6.973   -39.175    -9.692    55.554
        56   121.888   -10.441   -77.765  -133.783    51.349
